102
57505
5243
23369
1280
23261
4292
9935
605
1665
57492
6390
10320
6495
10628
4286
7468
80304
5154
7544
55814
115426
4261
7326
56288
2059
811
2624
91975
30012
2965
6134
7486
2201
10299
729262
2813
7163
26040
9375
831
2189
8626
7644
64682
26091
9688
6455
1009
23291
55207
10892
57448
22992
5495
4216
1457
79718
4849
23112
262
5684
8204
139285
1105
4670
9868
394
10988
9043
84162
5706
8661
8087
6932
6239
776
7027
999
7323
9098
7204
83699
27236
51631
9709
64062
23039
55760
3646
2623
57666
5515
56889
317
10972
8313
3417
51773
8295
4004
3020
7417
4221
51571
10049
4302
2060
9589
23244
23367
5468
4076
961
4627
286530
8997
7942
23139
2626
10802
2177
9712
8805
1999
9967
9819
253782
23085
3799
9988
2322
7128
6927
6625
3558
27125
9782
11122
9401
4299
2263
10955
1432
8621
6146
1616
79811
64764
581
55187
5921
116028
4086
673
2475
51000
11176
466
64210
4869
22872
7175
2064
4771
1656
5529
5049
2762
9991
10075
3131
4215
83737
207
9743
5890
1605
4291
55534
7849
22889
3817
2776
23042
372
4629
55193
83417
2908
11196
5048
3895
2178
55082
8216
4781
5496
8870
10914
5795
334
6929
55654
23476
23607
6416
5537
11165
6670
25942
2033
23023
7913
1997
221264
57727
23451
11325
23008
120526
6654
9741
4799
8428
1027
221477
3205
4734
7182
3169
1660
5494
5788
730051
219988
387
79139
5605
23613
122011
4899
476
58508
5903
4791
4000
7454
23092
3535
9475
1977
440093
135
23450
1915
9053
2107
4149
54778
5796
404734
79882
3815
1859
55914
51523
4289
23517
862
9814
1022
55366
56929
8241
4774
146183
6730
7248
254251
25816
80204
8660
3575
3953
1974
2115
85414
84295
3326
10568
4848
121665
9414
8242
6934
8189
9563
4214
201595
1021
23243
27044
1045
121227
7009
3320
57674
80380
8669
596
3936
8880
51663
23592
9582
23327
2631
4067
4094
84186
259307
27342
6756
3075
10527
93663
351
54904
51441
9804
166378
84376
7327
4676
9774
2521
10142
63027
23394
6428
64771
7080
84441
5159
9101
137964
23365
5584
4297
10962
57721
5927
9873
367
9874
6872
8379
8493
5787
1739
3762
23512
2122
79705
10672
4602
378
85379
54894
8314
7385
57167
5580
6757
27316
6248
10390
3030
64844
201163
23499
5357
8405
5781
9400
434
1387
1119
9632
896
10845
26054
23303
1277
84909
79572
4154
53353
473
2050
10146
146760
4615
5170
2132
10735
8301
6421
974
9569
55636
4642
23211
6902
23034
55692
7871
9061
54874
8467
7555
3716
6389
80335
8473
3170
5286
107
1080
7528
11034
259266
4643
23598
54880
152006
3207
7030
8498
7290
114548
4780
7750
1453
3784
7852
1649
4739
5290
8794
4582
3105
84146
283149
4205
8496
5294
113251
1436
84561
6314
4914
1385
164668
79813
9645
9100
23624
5087
9958
1031
23081
3308
5396
221981
1998
54566
4072
6778
399
57619
6392
284058
7707
643836
10657
84552
9124
9135
256646
2213
3688
64778
3337
2773
57591
7334
4089
463
3717
3983
5079
10376
51460
7994
80351
5093
6103
64839
64776
58489
57223
25925
60526
26030
472
1654
54617
7376
8394
9063
79728
3993
3702
55500
25937
7253
7332
546
2073
580
2099
79778
8976
23373
63035
2066
10284
5747
27086
9612
7249
124872
865
57589
23185
4851
55167
8650
8894
658
84962
3185
64109
5753
11198
23321
506
3840
790
10498
6461
2549
3093
84433
26512
80829
26039
55741
7337
607
23063
5962
5500
3492
64324
7416
51247
6009
8453
1019
65979
57472
9851
8929
1523
1786
2324
54738
5594
4298
64215
359948
4233
7812
10489
1456
3658
4928
26280
4193
2242
1975
567
6256
10048
4300
7979
6598
84870
6385
10718
6744
89795
5979
6938
55209
2000
3229
116113
5532
57095
54882
3312
51119
3181
3655
9440
57018
7095
5518
6605
2176
960
27327
375
9686
27250
29102
5885
55359
8491
6238
7846
9656
2255
5862
79058
2530
10215
1029
998
64750
11011
1794
7015
8085
3184
5094
3551
91746
7113
9698
1213
51132
51199
55749
57178
253559
55298
388524
5906
84708
10890
5469
5108
6662
22890
80790
51361
9685
2778
23473
2719
11231
10150
6498
54014
23522
25831
8522
1956
8358
55357
8030
26986
5155
5771
2114
6311
6249
5292
57634
3899
3718
11016
4281
57089
54855
79145
471
830
9960
6608
57609
5395
677
6917
1781
23368
23786
11200
545
26127
197131
595
200734
9479
833
3927
64398
23143
54815
55870
26524
57120
1108
2531
132720
5144
7048
11338
143187
92
9321
51809
5187
10006
3172
5930
84159
8294
64321
2272
5728
5925
2017
10971
84458
55785
4485
25820
238
79602
1015
4802
87
1479
10163
11052
2120
53942
9993
10905
8871
51747
4921
51111
3227
25913
57459
9415
1879
64793
6928
10272
81928
5424
8895
3932
120
22978
23126
4088
23636
54503
27332
4893
3082
10902
4926
222584
7050
4651
894
5573
3239
4763
528
6710
57532
10499
23235
5324
2071
8816
81786
22822
57121
10463
345930
4087
10594
5910
81565
53335
10042
4654
23360
54923
2131
23462
51320
100132406
7691
8887
8395
4853
868
6711
9968
9126
4436
2262
7507
3418
9778
57507
1662
6721
147179
695
5378
64783
701
222950
29066
7704
2308
120892
23144
6777
1738
6794
3660
5551
50488
55160
6651
5546
8028
85415
639
6886
6955
79577
2130
6418
3725
8148
2264
8720
11141
60685
284391
5894
4610
83641
330
23389
55824
672
23405
6125
2101
7514
6198
80205
57649
65117
2885
4145
64759
4330
54890
987
2146
80314
10043
8091
2078
1657
5156
2034
91
51496
5987
9520
23019
9331
51755
2181
2903
10818
7037
6427
26133
57551
7988
6098
23268
84231
55626
973
4659
56957
1756
8312
4841
10915
1499
898
3159
54764
84061
405
5447
3084
161742
1639
4703
9205
8737
5074
5604
90993
54454
10413
9611
2195
64225
9480
378938
10019
3801
26259
80155
54802
84133
340156
50615
2313
345062
51061
23345
678
10664
5566
80331
8233
11143
80312
6018
324
6558
1889
2932
25836
668
6926
58490
91012
6184
5879
3183
64786
8031
2895
23604
23269
58517
4155
5727
5861
7157
23036
23534
54502
57142
51474
4301
80781
2625
7508
10550
9555
4194
27
3880
5783
8243
2770
9275
92140
972
3021
124540
2035
6957
64919
675
51322
10015
214
3209
2806
27131
3106
29126
22913
23196
256380
2309
25932
340419
9655
64784
9444
6964
9817
5966
6714
5062
8471
728130
29123
4595
9950
1050
132
23197
641
5371
29072
10236
867
6887
8454
9869
164
728378
613
2288
2186
29035
5081
608
8178
9318
9459
51315
7428
10768
6391
1026
7874
6856
1785
80125
841
3178
3791
8021
7150
283349
5914
10513
4613
154881
81608
6759
492
10743
11168
311
55291
4644
57820
4352
3321
5304
4478
79633
55671
2072
55334
29979
2261
22903
10721
57680
10180
273
11083
7716
5291
83931
4683
7171
10653
8013
3845
55132
84301
2767
4773
27020
220001
9659
7403
6597
255967
90
171023
4060
80762
26298
2260
6801
3842
2048
1441
7531
51742
6424
602
7756
2188
55553
642
3977
64083
23352
54790
171017
1788
26135
8073
50802
7430
5599
3572
26031
22826
4026
285527
8556
3092
4609
5295
208
863
8651
8915
79893
7529
63976
64854
1500
51780
604
3696
1540
2874
5339
10484
4775
375323
57007
25945
54558
51144
657
4140
4313
2271
55294
9969
6874
9223
5426
8764
23253
26973
4915
83990
2056
3662
9767
23358
4515
80243
51542
7158
7490
2909
1994
57509
7307
55666
2335
154743
57708
10250
2005
57584
23654
4212
2956
283209
10342
26018
85461
6434
6774
23266
124583
284802
5520
8019
55422
4929
1488
8239
2665
6850
355
23648
51585
51594
51684
1106
26065
1316
1495
4066
10667
4005
7534
5663
57082
140733
488
8115
10243
11197
6657
10492
23164
23774
11116
8648
5205
3195
9575
26984
80777
54469
10397
51274
55729
84181
11064
2011
3265
3091
57690
1655
9150
54665
4008
9584
100506658
25
55832
51592
2782
9314
54949
5460
663
2617
516
284695
55719
56888
22803
2119
29966
6767
6491
5578
23152
55904
6760
113146
133746
80218
151987
23013
55005
55339
3237
80148
64220
51552
23392
832
7156
26057
114789
8826
2627
9776
84418
5077
8289
51447
196528
5335
2068
694
51176
8218
51366
8202
4665
7170
11214
219771
3680
23074
5450
7266
4916
65056
1643
27436
9748
6446
56916
5825
5908
10767
9766
10951
2065
2175
4303
26122
23524
91833
9175
4794
26235
9113
8932
861
22806
2118
