10006
25
27
57007
2181
23305
90
92
4299
3899
27125
10142
207
208
217
238
139285
324
9582
367
23092
23365
8289
57492
196528
405
79058
171023
466
471
472
476
492
545
546
8312
8313
567
8314
8915
53335
64919
596
602
603
604
605
607
283149
54880
63035
613
330
641
657
673
672
675
8019
23476
83990
694
695
701
93669
145788
80304
776
811
23261
124583
84433
833
57082
841
863
865
867
868
23624
8030
57820
595
894
896
898
29126
972
973
974
79577
999
1009
51755
1019
1021
1027
1029
1029
1031
1045
1050
84902
79145
1108
11200
26511
23152
4261
6249
10978
1213
8218
7555
4849
11064
1277
1280
1345
1385
90993
64764
1387
64109
23373
64784
1441
10664
1499
1523
7852
1540
1616
1639
1643
1649
4921
1662
1654
1655
1656
7913
23405
3337
1785
1788
29102
22947
1879
345930
1956
3646
1974
2000
2005
8178
2006
27436
2033
2034
2060
2064
2065
2066
23085
2068
2071
2072
2073
2078
2099
55500
2115
2118
2119
2120
2130
2131
2132
2146
7430
9715
54855
2175
2176
2177
2178
2188
2189
355
2195
79633
80204
55294
2213
83417
2242
54738
2260
11116
2263
2261
2264
2271
2272
81608
201163
2313
2322
2324
23048
3169
668
2308
2309
4303
27086
10272
8880
2521
8522
2623
2624
2625
8833
2767
2776
2778
9950
57120
2719
10243
2903
3020
3021
9709
23462
3091
3092
8358
8294
3105
3131
3159
8091
283651
6927
3181
84376
3207
3209
3205
3227
3229
3237
3239
3265
3320
3326
3417
3418
3492
50802
3535
3551
10320
3558
50615
3572
3575
3662
3702
3716
3717
3718
221895
3725
7994
23522
3762
5927
8242
7403
3791
2531
9817
57670
57698
3799
3815
9314
1316
3817
4297
58508
8085
3845
3895
3927
3932
3936
51176
10186
3977
4000
4004
4005
4026
121227
53353
26065
4066
8216
4094
9935
378938
10892
84441
5604
5605
6416
4214
9175
5594
4149
4193
4194
259283
2122
9968
4221
4233
4286
57591
4291
4292
4298
8028
10962
4300
4301
4302
4330
3110
4352
4436
2956
124540
4478
4515
2475
4582
4595
4602
4609
4610
4613
4615
4629
4627
4644
4654
4665
4666
4683
51517
8648
10499
8031
9611
9612
10397
4763
4771
4773
4780
4781
4791
4794
51199
7080
4841
4851
4853
4869
8013
4893
3084
64324
22978
4914
4916
4926
8021
4928
256646
728118
729262
10215
4958
286530
5049
79728
5077
5079
5081
7849
55193
5087
5108
9159
80380
9659
5155
5156
5159
5187
84295
8929
8301
5290
5295
5292
5324
5335
5371
5378
5395
5426
25913
5450
5460
5468
8496
8493
5518
5537
5546
639
63976
80243
5551
5566
5573
5396
11168
5727
5728
5753
5781
5783
5787
5788
5796
11122
114825
9444
9135
5879
5885
5890
5894
5900
64901
5903
5910
5914
5925
8241
64783
9401
5966
5979
387
399
116028
57674
7955
54894
6098
6134
6146
6125
6184
340419
84870
84127
861
862
57167
51119
6385
6389
54949
6390
6391
6392
5413
23157
10801
6418
26040
29072
23451
6421
6424
10019
6455
10568
85414
4087
4088
4089
6597
6598
6602
6605
6608
27044
8651
6657
92521
23013
8405
6714
9901
6427
6428
6760
26039
6756
6757
6759
10735
6774
6777
6778
6491
6794
6801
51684
23512
6850
8148
6886
6887
79718
6926
6917
6938
6929
6934
8115
27004
7015
80312
54790
7030
7942
10342
29844
7037
7048
9967
3195
30012
55654
7113
7128
8764
608
7150
7157
8626
7170
7171
7175
6955
84231
6957
6964
8805
5987
51592
9321
8295
7248
7249
7253
150465
7307
51366
9098
9101
7428
143187
7454
7468
54904
11197
7486
7490
25937
7507
7508
7514
7531
7704
55596
463
7750
23598
55422
171017
25925
8233
